01001001000010000000000000000000000
00001001000001100010000010000000000
00001110110000000001000011011000000
00001100010000000001000011011000000
01101010000000000000000000000000000
00001001000001100010000011000010000
00001100110000000001000011011000001
00001011110000000001000011011000001
00000000000000000000000000000000000
00001001000001100010000011000100000
00000000000000000000000000000000000
00000000000000000000000000000000000
00001001000000010000010001001000000
00001001000001100000100011000000000
00001001000001100001000000101000001
00001110010000000001000000000000000
00101000000000000000000000001001110
00101000100000000000000000001001100
00010000110000011000000000001000000
00010000110000011000000000001000000
00001001000001011000010101000000000
00001001000001011000010100110000001
00001001000000010000010000101000001
00001000001000000010000010111110000
00001000101000000010000010111110000
00101100101000000000000000001001010
00000000000000000000000000000000000
00001001000001100100000000001000000
00101110001001001000000100001001010
00101110101000000000000000001001000
00001001000000010100001000001000000
00001001000001100100000000001000000
10000000000000000000000000001000000
00110000101000000000000000001001010
00000000000000000000000000000000000
00010000000100000100000000001000000
00000000000000000000000000000000000