0010010010000000000000000000000000000000000000000000
0000010010000011000000010000000000001000000000000000
0000011101100000000000001000000000001010110000000000
0000011000100000000000001000000000001010110000000000
0011010100000000000000000000000000000000000000000000
0000010010000011000000010000000000001010000100000000
0000011001100000000000001000000000001010110000000001
0000010111100000000000001000000000001010110000000001
0000100100100000000000010000000000010000001100000000
0000010010000011000000010000000000001010001000000000
0000110010100010001000000010000001010000000001010000
0000110010100010001000000010000001010000000001010000
0000010010000000100000000000000100001010010000000000
0000010010000011000000000100000000001010000000000000
0000010010000010000000001000000000000001010000000001
0000011100100000000000001000000000000000000000000000
0001010000000000000000000000000000000000010000001110
0001010001000000000000000000000000000000010000001100
0110100001100000100001000000000000000000010000000000
0110100001100000100001000000000000000000010000000000
0000010010000010100001000000000100101010000000000000
0000010010000010100001000000000100100001100000000001
0000010010000000100000000000000100000001010000000001
0000010000010000000000010000000000000001111100000010
0000010001010000000000010000000000000001111100000000
0001011001010000000000000000000000000000010000001010
0000000000000000000000000000000000000000000000000000
0000010010000011000000100000000000000000010000000010
0001011100010010000001000000000000100000010000001010
0001011101010000000000000000000000000000010000001000
0000010010000000100000100000000010000000010000000010
0000010010000011000000100000000000000000010000000000
1000000000000100000000000000000000000000010000000000
0001100001010000000000000000000000000000010000001010
0000000000000000000000000000000000000000000000000000
0000100000001000000000100000000000000000010000000010
0001100100010000000000000000000000000000010000001010
0000000000000000000000000000000000000000000000000000
0000100111000000100000100000000011010000000000000010
0000101000100010000000000001000011010000000000000000
0001101000010000000000000000000001010000010000001010
0000010010000010010000000001000011010100000000000000
0000101001000000000100100000000011010000000000100010
0000000000000000000000000000000001010000000000000000
0000000000000000000000000000000001010000000000000000
0000000000000000000000000000000000000000000000000000
0000000000000000000000000000000001010000000000000000
0000000000000000000000000000000001010000000000000000
0000000000000000000000000000000001010000000000000000
0000110010100010001000000010000001010000000000010000
0000111101010000000010000000010001010000000000000010
0000000000000000000000000000000000000000000000000000
0001110100010000000000000000000001010000010000001010
0000000000000000000000000000000001010000000000000000
0000010010000000100000100000000011010000000000000010
0000000000000000000000000000000001010000000000000000
0001111000000000000000000000000001010000010000001110
0000000000000000000000000000000001010000000000000000
0000110100100000000000000000100000000000000000000000
0000111101100010000000000010000011010000000000000000
0000000000000000000000000000000001010000000000000000
0001111101000000000000000000000001010000000000001110
0000111000010000000000000000001000000000000000000010
0000111110100010000000000001000011010000000010000000