001001001000000000000000000000000000000000000000000000000000
000001001000001100000000000100000000000000010000000000000000
000001110110000000000100000010000000000000010101100000000000
000001100010000000000100000010000000000000010101100000000000
001101010000000000000000000000000000000000000000000000000000
000001001000001100000000000100000000000000010100001000000000
000001100110000000000100000010000000000000010101100000000010
000001011110000000000100000010000000000000010101100000000010
000010010010000000000100000100000000000000100000011000000000
000001001000001100000000000100000000000000010100010000000000
000011011100000000001000100000000100000000000000000000000000
000011011100000000001000100000000100000000000000000000000000
000001001000000010000000000000000000001000010100100000000000
000001001000001100000000000001000000000000010100000000000000
000001001000001000000000000010000000000000000010100000000010
000001110010000000000100000010000000000000000000000000000000
000101000000000000000000000000000000000000000000100000011100
000101000100000000000000000000000000000000000000100000011000
011010000110000010000100010000000000000000000000100000000000
011010000110000010000100010000000000000000000000100000000000
000001001000001010000000010000000000001001010100000000000000
000001001000001010000000010000000000001001000011000000000010
000001001000000010000000000000000000001000000010100000000010
000001000001000000000000000100000000000000000011111000000100
000001000101000000000000000100000000000000000011111000000000
000101100101000000000000000000000000000000000000100000010100
000000000000000000000000000000000000000000000000000000000000
000001001000001100000000001000000000000000000000100000000100
000101110001001000000000010000000000000001000000100000010100
000101110101000000000000000000000000000000000000100000010000
000001001000000010000000001000000000000100000000100000000100
000001001000001100000000001000000000000000000000100000000000
100000000000010000000000000000000000000000000000100000000000
000110000101000000000000000000000000000000000000100000010100
000000000000000000000000000000000000000000000000000000000000
000010000000100000000000001000000000000000000000100000000100
000110010001000000000000000000000000000000000000100000010100
000000000000000000000000000000000000000000000000000000000000
000010011100000010000000001000000000000110100000000000000100
000010100010001000000100000000010000000110100000000000000000
000110100001000000000000000000000000000010100000100000010100
000001001000001001000000000000010000000110101000000000000000
000010100100000000010000001000000000000110100000000001000100
000011001110001000100100000000100000000010100000000000100000
000010110110000000000000000000000001000010100000000000000000
000110110101000000000000000000000000000010100000100000010100
000000000000000000000000000000000000000000000000000000000000
000011000000000000000011000000000000000010100000000000000000
000111000000000000000000000000000000000010100000100000011100
000010101100000000001000100000000100000000000000000000000000
000000000010000000000000000000000000100000000000000000000001
000011110101000000001000000000000000010010100000000000000100
000111010001000000000000000000000000000010100000100000010100
000011001110001000100100000000100000000010100000000000100000
000001001000000010000000001000000000000110100000000000000100
000011001110001000100100000000100000000010100000000010100000
000111100000000000000000000000000000000010100000100000011100
000000000000000000000000000000000000000010100000000000000000
000011010010000000000100000000001000000000000000000000000000
000011110110001000000100000000100000000110100000000000000000
000000000000000000000000000000000000000010100000000000000000
000111110100000000000000000000000000000010100000000000011100
000011100001000000000000000000000010000000000000000000000100
000011111010001000000100000000010000000110100000000100000000
